Name Batch_Num Z_Encoder Z_Scan Field_Sweep Field_Measured Vbias Vfb Response Time Pixels Lines Xrange Yrange Xcenter Ycenter Angle
EuS002870003.sxm 1 4122.187 13.63191 200 199.99364135695 0.4 0.2300694 -0.0021 "16-Apr-2022 19:47:55" 96 96 17 17 13.077 14.204 0
EuS002880002.sxm 1 4122.043 13.63191 100 99.99009043055 0.4 0.2238182 -0.0021 "16-Apr-2022 19:57:10" 96 96 17 17 13.077 14.204 0
EuS002890002.sxm 1 4122.269 13.63191 0 -0.038660885037 0.4 0.2179003 -0.0021 "16-Apr-2022 20:06:16" 96 96 17 17 13.077 14.204 0
EuS002900002.sxm 1 4122.234 13.63191 -100 0.15705973166635 0.4 0.2114711 -0.0021 "16-Apr-2022 20:15:21" 96 96 17 17 13.077 14.204 0
EuS002910002.sxm 1 4122.079 13.63191 -160 0.1516305999803 0.4 0.20737 -0.0021 "16-Apr-2022 20:24:32" 96 96 17 17 13.077 14.204 0
EuS002920002.sxm 1 4122.178 13.63191 -180 0.1513591791606 0.4 0.2056717 -0.0021 "16-Apr-2022 20:33:45" 96 96 17 17 13.077 14.204 0
EuS002930002.sxm 1 4122.272 13.63191 -190 0.15515965587535 0.4 0.2050466 -0.0021 "16-Apr-2022 20:42:58" 96 96 17 17 13.077 14.204 0
EuS002940002.sxm 1 4122.031 13.63191 -200 0.15135924418715 0.4 0.2043351 -0.0021 "16-Apr-2022 20:52:13" 96 96 17 17 13.077 14.204 0
EuS002950002.sxm 1 4122.092 13.63191 -205 0.15353100090405 0.4 0.2038862 -0.0021 "16-Apr-2022 21:01:28" 96 96 17 17 13.077 14.204 0
EuS002960002.sxm 1 4122.129 13.63191 -210 0.15163079505995 0.4 0.2035689 -0.0021 "16-Apr-2022 21:10:44" 96 96 17 17 13.077 14.204 0
EuS002970002.sxm 1 4122.115 13.63191 -215 0.15081640254775 0.4 0.2033046 -0.0021 "16-Apr-2022 21:20:00" 96 96 17 17 13.077 14.204 0
EuS002980002.sxm 1 4122.304 13.63191 -220 0.1527166734184 0.4 0.2027785 -0.0021 "16-Apr-2022 21:29:16" 96 96 17 17 13.077 14.204 0
EuS002990002.sxm 1 4122.093 13.63191 -225 0.15190221587965 0.4 0.2022953 -0.0021 "16-Apr-2022 21:38:33" 96 96 17 17 13.077 14.204 0
EuS003000002.sxm 1 4122.28 13.63191 -230 0.1538024867503 0.4 0.2017735 -0.0021 "16-Apr-2022 21:47:51" 96 96 17 17 13.077 14.204 0
EuS003010002.sxm 1 4122.281 13.63191 -240 0.15000201003555 0.4 0.2011756 -0.0021 "16-Apr-2022 21:57:09" 96 96 17 17 13.077 14.204 0
EuS003020002.sxm 1 4122.216 13.63191 -250 0.15190234593275 0.4 0.2002107 -0.0021 "16-Apr-2022 22:06:28" 96 96 17 17 13.077 14.204 0
EuS003030002.sxm 1 4122.061 13.63191 -260 0.15244518757215 0.4 0.1994068 -0.0021 "16-Apr-2022 22:15:49" 96 96 17 17 13.077 14.204 0
EuS003040002.sxm 1 4122.205 13.63191 -300 0.1573313475657 0.4 0.1965632 -0.0021 "16-Apr-2022 22:25:13" 96 96 17 17 13.077 14.204 0
EuS003050002.sxm 1 4122.085 13.63191 -400 0.15027343085525 0.4 0.1910655 -0.0021 "16-Apr-2022 22:34:45" 96 96 17 17 13.077 14.204 0
EuS003060002.sxm 1 4122.168 13.63191 -300 0.1494591033696 0.4 0.1967612 -0.0021 "16-Apr-2022 22:44:15" 96 96 17 17 13.077 14.204 0
EuS003070002.sxm 1 4122.284 13.63191 -200 0.1527166734184 0.4 0.2037204 -0.0021 "16-Apr-2022 22:53:38" 96 96 17 17 13.077 14.204 0
EuS003080002.sxm 1 4122.064 13.63191 -100 0.15108782336745 0.4 0.2109722 -0.0021 "16-Apr-2022 23:02:52" 96 96 17 17 13.077 14.204 0
EuS003090002.sxm 1 4122.087 13.63191 -60 0.15434539341625 0.4 0.2136234 -0.0021 "16-Apr-2022 23:11:58" 96 96 17 17 13.077 14.204 0
EuS003100002.sxm 1 4122.153 13.63191 -40 0.1486447108574 0.4 0.2151235 -0.0021 "16-Apr-2022 23:21:00" 96 96 17 17 13.077 14.204 0
EuS003110002.sxm 1 4122.322 13.63191 -30 0.1516308600865 0.4 0.2159491 -0.0021 "16-Apr-2022 23:30:00" 96 96 17 17 13.077 14.204 0
EuS003120002.sxm 1 4122.343 13.63191 -25 0.1532596451109 0.4 0.2163273 -0.0021 "16-Apr-2022 23:38:59" 96 96 17 17 13.077 14.204 0
EuS003130002.sxm 1 4122.28 13.63191 -20 0.15515991598155 0.4 0.2164188 -0.0021 "16-Apr-2022 23:47:58" 96 96 17 17 13.077 14.204 0
EuS003140002.sxm 1 4122.344 13.63191 -15 0.14891632675675 0.4 0.2173112 -0.0021 "16-Apr-2022 23:56:56" 96 96 17 17 13.077 14.204 0
EuS003150002.sxm 1 4122.272 13.63191 -10 0.15135950429335 0.4 0.2172973 -0.0021 "17-Apr-2022 00:05:55" 96 96 17 17 13.077 14.204 0
EuS003160002.sxm 1 4122.103 13.63191 -5 0.1494592334227 0.4 0.2177078 -0.0021 "17-Apr-2022 00:14:52" 96 96 17 17 13.077 14.204 0
EuS003170002.sxm 1 4122.162 13.63191 0 0.15570288767405 0.4 0.2181228 -0.0021 "17-Apr-2022 00:23:49" 96 96 17 17 13.077 14.204 0
EuS003180002.sxm 1 4122.306 13.63191 10 9.97898736831 0.4 0.2188043 -0.0021 "17-Apr-2022 00:32:46" 96 96 17 17 13.077 14.204 0
EuS003190002.sxm 1 4122.131 13.63191 20 19.98986375674 0.4 0.2191498 -0.0021 "17-Apr-2022 00:41:44" 96 96 17 17 13.077 14.204 0
EuS003200002.sxm 1 4122.111 13.63191 30 29.93502431374 0.4 0.219854 -0.0021 "17-Apr-2022 00:50:44" 96 96 17 17 13.077 14.204 0
EuS003210002.sxm 1 4122.101 13.63191 50 49.97441229096 0.4 0.2212822 -0.0021 "17-Apr-2022 00:59:45" 96 96 17 17 13.077 14.204 0
EuS003220002.sxm 1 4122.19 13.63191 100 99.9801413684 0.4 0.2243202 -0.0021 "17-Apr-2022 01:08:50" 96 96 17 17 13.077 14.204 0
EuS003230002.sxm 1 4122.111 13.63191 200 195.064043628 0.4 0.2299348 -0.0021 "17-Apr-2022 01:18:05" 96 96 17 17 13.077 14.204 0
